1.04 0.46 0.99 0.72 0.86 0.72 0.92 1.21 0.0 0.0 1.15 0.75 1.23 0.95 1.26 1.01 0.0 0.0 0.0 0.0 0.0 0.0 0.0 0.0 0.0 0.0 0.0 0.0 1.01 0.42 1.06 0.42 0.93 0.49 0.0 0.0
1.04 0.46 0.99 0.72 0.86 0.72 0.92 1.21 0.0 0.0 1.15 0.75 1.23 0.95 0.0 0.0 0.0 0.0 0.0 0.0 0.0 0.0 0.0 0.0 0.0 0.0 0.0 0.0 1.02 0.42 1.06 0.42 0.93 0.49 0.0 0.0
1.04 0.46 0.99 0.72 0.86 0.72 0.92 1.21 1.04 1.24 1.15 0.75 1.23 0.95 1.26 1.01 0.0 0.0 0.0 0.0 0.0 0.0 0.0 0.0 0.0 0.0 0.0 0.0 1.02 0.42 1.06 0.42 0.93 0.49 0.0 0.0
1.04 0.46 0.99 0.72 0.86 0.72 0.92 1.21 1.04 1.24 1.15 0.75 1.23 0.95 0.0 0.0 0.0 0.0 0.0 0.0 0.0 0.0 0.0 0.0 0.0 0.0 0.0 0.0 1.02 0.42 1.06 0.42 0.93 0.49 0.0 0.0
1.04 0.46 0.99 0.72 0.86 0.72 0.92 1.21 0.0 0.0 1.15 0.75 1.23 0.95 1.26 1.01 0.0 0.0 0.0 0.0 0.0 0.0 0.0 0.0 0.0 0.0 0.0 0.0 1.02 0.42 1.06 0.42 0.93 0.49 0.0 0.0
1.04 0.46 0.99 0.72 0.86 0.72 0.92 1.21 0.0 0.0 1.15 0.75 1.23 0.95 0.0 0.0 0.0 0.0 0.0 0.0 0.0 0.0 0.0 0.0 0.0 0.0 0.0 0.0 1.01 0.42 1.06 0.42 0.93 0.49 0.0 0.0
1.04 0.46 0.99 0.72 0.86 0.72 0.92 1.21 0.0 0.0 1.15 0.75 1.23 0.95 0.0 0.0 0.0 0.0 0.0 0.0 0.0 0.0 0.0 0.0 0.0 0.0 0.0 0.0 1.01 0.42 1.06 0.42 0.93 0.49 0.0 0.0
1.04 0.46 0.99 0.72 0.86 0.72 0.92 1.21 0.0 0.0 1.15 0.75 1.23 0.95 0.0 0.0 0.0 0.0 0.0 0.0 0.0 0.0 0.0 0.0 0.0 0.0 0.0 0.0 1.01 0.42 1.06 0.42 0.93 0.49 0.0 0.0
1.04 0.46 0.99 0.72 0.86 0.72 0.92 1.21 0.0 0.0 1.15 0.75 1.23 0.95 0.0 0.0 0.0 0.0 0.0 0.0 0.0 0.0 0.0 0.0 0.0 0.0 0.0 0.0 1.01 0.42 1.06 0.42 0.93 0.49 0.0 0.0
1.04 0.46 0.99 0.72 0.86 0.72 0.92 1.21 0.0 0.0 1.15 0.75 1.23 0.95 1.26 1.01 0.0 0.0 0.0 0.0 0.0 0.0 0.0 0.0 0.0 0.0 0.0 0.0 1.01 0.42 1.06 0.42 0.93 0.49 0.0 0.0
1.04 0.46 0.99 0.72 0.86 0.72 0.92 1.21 0.0 0.0 1.15 0.75 1.23 0.95 1.26 1.01 0.0 0.0 0.0 0.0 0.0 0.0 0.0 0.0 0.0 0.0 0.0 0.0 1.01 0.42 1.06 0.42 0.93 0.49 0.0 0.0
1.04 0.46 0.99 0.72 0.86 0.72 0.92 1.21 0.0 0.0 1.13 0.75 1.23 0.95 0.0 0.0 0.0 0.0 0.0 0.0 0.0 0.0 0.0 0.0 0.0 0.0 0.0 0.0 1.01 0.42 1.06 0.42 0.93 0.49 0.0 0.0
1.04 0.46 0.99 0.72 0.86 0.72 0.0 0.0 0.0 0.0 1.13 0.75 1.23 0.95 0.0 0.0 0.0 0.0 0.0 0.0 0.0 0.0 0.0 0.0 0.0 0.0 0.0 0.0 1.01 0.42 1.06 0.42 0.93 0.49 0.0 0.0
1.04 0.46 0.99 0.72 0.86 0.72 0.0 0.0 0.0 0.0 1.15 0.75 1.23 0.95 0.0 0.0 0.0 0.0 0.0 0.0 0.0 0.0 0.0 0.0 0.0 0.0 0.0 0.0 1.01 0.42 1.06 0.42 0.93 0.49 0.0 0.0
1.04 0.46 0.99 0.72 0.86 0.72 0.0 0.0 0.0 0.0 1.15 0.75 1.23 0.95 0.0 0.0 0.0 0.0 0.0 0.0 0.0 0.0 0.0 0.0 0.0 0.0 0.0 0.0 1.01 0.42 1.06 0.42 0.93 0.49 0.0 0.0
1.04 0.46 0.99 0.72 0.86 0.72 0.0 0.0 0.0 0.0 1.15 0.75 1.23 0.95 0.0 0.0 0.0 0.0 0.0 0.0 0.0 0.0 0.0 0.0 0.0 0.0 0.0 0.0 1.02 0.42 1.06 0.42 0.93 0.49 0.0 0.0
1.04 0.46 0.99 0.72 0.86 0.72 0.0 0.0 0.0 0.0 1.15 0.75 1.23 0.95 0.0 0.0 0.0 0.0 0.0 0.0 0.0 0.0 0.0 0.0 0.0 0.0 0.0 0.0 1.02 0.42 1.06 0.42 0.93 0.49 1.1 0.49
1.04 0.46 0.99 0.72 0.86 0.72 0.0 0.0 0.0 0.0 1.15 0.75 1.23 0.95 1.26 1.01 0.0 0.0 0.0 0.0 0.0 0.0 0.0 0.0 0.0 0.0 0.0 0.0 1.02 0.42 1.06 0.42 0.93 0.49 1.1 0.49
1.04 0.46 0.99 0.72 0.86 0.72 0.0 0.0 0.0 0.0 1.15 0.75 1.23 0.95 0.0 0.0 0.0 0.0 0.0 0.0 0.0 0.0 0.0 0.0 0.0 0.0 0.0 0.0 1.02 0.42 1.06 0.42 0.93 0.49 1.1 0.49
1.04 0.46 0.99 0.72 0.86 0.72 0.0 0.0 0.0 0.0 1.15 0.75 1.23 0.95 0.0 0.0 0.0 0.0 0.0 0.0 0.0 0.0 0.0 0.0 0.0 0.0 0.0 0.0 1.02 0.42 1.06 0.42 0.93 0.49 1.1 0.49
1.04 0.46 0.99 0.72 0.86 0.72 0.0 0.0 0.0 0.0 1.15 0.75 1.23 0.95 0.0 0.0 0.0 0.0 0.0 0.0 0.0 0.0 0.0 0.0 0.0 0.0 0.0 0.0 1.02 0.42 1.06 0.42 0.93 0.49 0.0 0.0
1.04 0.46 0.99 0.72 0.86 0.72 0.92 1.21 0.0 0.0 1.15 0.75 1.24 0.95 1.26 1.01 0.0 0.0 0.0 0.0 0.0 0.0 0.0 0.0 0.0 0.0 0.0 0.0 1.01 0.42 1.06 0.42 0.93 0.49 0.0 0.0
1.04 0.46 0.99 0.72 0.86 0.72 0.0 0.0 0.0 0.0 1.15 0.75 1.23 0.95 1.26 1.01 0.0 0.0 0.0 0.0 0.0 0.0 0.0 0.0 0.0 0.0 0.0 0.0 1.01 0.42 1.06 0.42 0.93 0.49 0.0 0.0
1.04 0.46 0.99 0.72 0.86 0.72 0.92 1.24 0.0 0.0 1.15 0.75 1.23 0.95 1.26 1.01 0.0 0.0 0.0 0.0 0.0 0.0 0.0 0.0 0.0 0.0 0.0 0.0 1.01 0.42 1.06 0.42 0.93 0.49 0.0 0.0
1.04 0.46 0.99 0.72 0.86 0.72 0.92 1.24 0.0 0.0 1.15 0.75 1.23 0.95 1.26 1.01 0.0 0.0 0.0 0.0 0.0 0.0 0.0 0.0 0.0 0.0 0.0 0.0 1.01 0.42 1.06 0.42 0.93 0.49 0.0 0.0
1.04 0.46 0.99 0.72 0.86 0.72 0.92 1.21 0.0 0.0 1.15 0.75 1.23 0.95 1.26 1.01 0.0 0.0 0.0 0.0 0.0 0.0 0.0 0.0 0.0 0.0 0.0 0.0 1.01 0.42 1.06 0.42 0.93 0.49 0.0 0.0
1.04 0.46 0.99 0.72 0.86 0.72 0.92 1.21 0.0 0.0 1.13 0.75 1.23 0.95 1.26 1.01 0.0 0.0 0.0 0.0 0.0 0.0 0.0 0.0 0.0 0.0 0.0 0.0 1.01 0.42 1.06 0.42 0.93 0.49 0.0 0.0
1.04 0.46 0.99 0.72 0.86 0.72 0.92 1.21 0.0 0.0 1.13 0.75 1.23 0.95 1.26 1.01 0.0 0.0 0.0 0.0 0.0 0.0 0.0 0.0 0.0 0.0 0.0 0.0 1.01 0.42 1.06 0.42 0.93 0.49 0.0 0.0
1.04 0.46 0.99 0.72 0.86 0.72 0.92 1.21 0.0 0.0 1.15 0.75 1.23 0.95 1.26 1.01 0.0 0.0 0.0 0.0 0.0 0.0 0.0 0.0 0.0 0.0 0.0 0.0 1.01 0.42 1.06 0.42 0.93 0.49 0.0 0.0
1.04 0.46 0.99 0.72 0.86 0.72 0.92 1.21 0.0 0.0 1.15 0.75 1.23 0.95 1.26 1.01 0.0 0.0 0.0 0.0 0.0 0.0 0.0 0.0 0.0 0.0 0.0 0.0 1.01 0.42 1.06 0.42 0.93 0.49 0.0 0.0
1.04 0.46 0.99 0.72 0.86 0.72 0.92 1.21 0.0 0.0 1.15 0.75 1.23 0.95 1.26 1.01 0.0 0.0 0.0 0.0 0.0 0.0 0.0 0.0 0.0 0.0 0.0 0.0 1.01 0.42 1.06 0.42 0.93 0.49 0.0 0.0
1.04 0.46 0.99 0.72 0.86 0.72 0.92 1.21 0.0 0.0 1.15 0.75 1.23 0.95 1.26 1.01 0.0 0.0 0.0 0.0 0.0 0.0 0.0 0.0 0.0 0.0 0.0 0.0 1.01 0.42 1.06 0.42 0.93 0.49 0.0 0.0
1.04 0.46 0.99 0.75 0.86 0.72 0.92 1.21 0.0 0.0 1.15 0.75 1.23 0.95 0.0 0.0 0.0 0.0 0.0 0.0 0.0 0.0 0.0 0.0 0.0 0.0 0.0 0.0 1.01 0.42 1.06 0.42 0.93 0.49 0.0 0.0
1.04 0.46 0.99 0.75 0.86 0.72 0.92 1.21 0.0 0.0 1.15 0.75 1.23 0.95 0.0 0.0 0.0 0.0 0.0 0.0 0.0 0.0 0.0 0.0 0.0 0.0 0.0 0.0 1.01 0.42 1.06 0.42 0.93 0.49 0.0 0.0
1.04 0.46 0.99 0.75 0.86 0.72 0.92 1.24 0.0 0.0 1.15 0.75 1.23 0.95 0.0 0.0 0.0 0.0 0.0 0.0 0.0 0.0 0.0 0.0 0.0 0.0 0.0 0.0 1.01 0.42 1.06 0.42 0.93 0.49 0.0 0.0
1.04 0.46 0.99 0.75 0.86 0.72 0.92 1.21 0.0 0.0 1.15 0.75 1.23 0.95 1.26 1.01 0.0 0.0 0.0 0.0 0.0 0.0 0.0 0.0 0.0 0.0 0.0 0.0 1.01 0.42 1.06 0.42 0.93 0.49 0.0 0.0
1.04 0.46 0.99 0.75 0.86 0.72 0.0 0.0 0.0 0.0 1.15 0.75 1.23 0.95 1.26 1.01 0.0 0.0 0.0 0.0 0.0 0.0 0.0 0.0 0.0 0.0 0.0 0.0 1.01 0.42 1.06 0.42 0.93 0.49 0.0 0.0
1.04 0.46 0.99 0.75 0.86 0.72 0.92 1.21 0.0 0.0 1.15 0.75 1.23 0.95 1.26 1.01 0.0 0.0 0.0 0.0 0.0 0.0 0.0 0.0 0.0 0.0 0.0 0.0 1.01 0.42 1.06 0.42 0.93 0.49 0.0 0.0
1.04 0.46 0.99 0.75 0.86 0.72 0.0 0.0 0.0 0.0 1.15 0.75 1.23 0.95 1.26 1.01 0.0 0.0 0.0 0.0 0.0 0.0 0.0 0.0 0.0 0.0 0.0 0.0 1.01 0.42 1.06 0.42 0.93 0.49 0.0 0.0
1.04 0.46 0.99 0.75 0.86 0.72 0.92 1.21 0.0 0.0 1.15 0.75 1.23 0.95 0.0 0.0 0.0 0.0 0.0 0.0 0.0 0.0 0.0 0.0 0.0 0.0 0.0 0.0 1.01 0.42 1.06 0.42 0.93 0.49 0.0 0.0
1.04 0.46 0.99 0.75 0.86 0.75 0.0 0.0 0.0 0.0 1.15 0.75 1.23 0.95 0.0 0.0 0.0 0.0 0.0 0.0 0.0 0.0 0.0 0.0 0.0 0.0 0.0 0.0 1.01 0.42 1.06 0.42 0.93 0.49 0.0 0.0
0.52 0.7 0.0 0.0 0.0 0.0 0.0 0.0 0.0 0.0 0.0 0.0 0.0 0.0 0.0 0.0 0.0 0.0 0.0 0.0 0.0 0.0 0.0 0.0 0.0 0.0 0.0 0.0 0.46 0.61 0.57 0.61 0.4 0.63 0.65 0.63
0.52 0.7 0.0 0.0 0.0 0.0 0.0 0.0 0.0 0.0 0.0 0.0 0.0 0.0 0.0 0.0 0.0 0.0 0.0 0.0 0.0 0.0 0.0 0.0 0.0 0.0 0.0 0.0 0.46 0.61 0.59 0.61 0.4 0.63 0.65 0.63
0.52 0.7 0.0 0.0 0.0 0.0 0.0 0.0 0.0 0.0 0.0 0.0 0.0 0.0 0.0 0.0 0.0 0.0 0.0 0.0 0.0 0.0 0.0 0.0 0.0 0.0 0.0 0.0 0.46 0.61 0.59 0.61 0.4 0.63 0.65 0.63
0.52 0.7 0.0 0.0 0.0 0.0 0.0 0.0 0.0 0.0 0.0 0.0 0.0 0.0 0.0 0.0 0.0 0.0 0.0 0.0 0.0 0.0 0.0 0.0 0.0 0.0 0.0 0.0 0.46 0.61 0.59 0.61 0.4 0.63 0.65 0.63
0.52 0.7 0.0 0.0 0.0 0.0 0.0 0.0 0.0 0.0 0.0 0.0 0.0 0.0 0.0 0.0 0.0 0.0 0.0 0.0 0.0 0.0 0.0 0.0 0.0 0.0 0.0 0.0 0.46 0.61 0.59 0.61 0.4 0.63 0.65 0.63
0.52 0.7 0.0 0.0 0.0 0.0 0.0 0.0 0.0 0.0 0.0 0.0 0.0 0.0 0.0 0.0 0.0 0.0 0.0 0.0 0.0 0.0 0.0 0.0 0.0 0.0 0.0 0.0 0.48 0.61 0.59 0.61 0.4 0.63 0.65 0.63
